792 940
976 128
100 100
718 716
353 351
319 100
120 144
353 351
132 316
718 716
244 162
797 112
319 100
234 567
352 120
143 100
270 599
573 100
679 100
006 300
718 716
089 133
040 162
647 112
244 162
352 120
754 128
319 100
293 292
736 116
319 100
200 900
425 428
714 128
200 900
237 128
000 100
310 311
310 311
082 210
647 112
416 166
263 128
715 283
855 137
293 292
305 454
585 178
000 100
736 116
855 137
006 300
012 158
423 300
489 338
163 128
855 137
416 166
060 100
000 300
005 100
111 111
244 162
319 100
192 128
010 100
840 128
005 100
244 162
319 100
972 128
432 524
720 335
901 195
319 100
001 100
000 000
120 144
006 300
458 000
000 000
458 000
352 120
005 100
200 900
546 676
100 111
449 170